{
 "cells": [
  {
   "cell_type": "raw",
   "metadata": {},
   "source": [
    "!wget https://web.stanford.edu/~hastie/ElemStatLearn/datasets/prostate.data"
   ]
  },
  {
   "cell_type": "raw",
   "metadata": {},
   "source": [
    "import numpy as np;\n",
    "import matplotlib.pyplot as plt;\n",
    "from numpy.linalg import inv;\n",
    "from sklearn.linear_model import LinearRegression\n",
    "from sklearn.preprocessing import StandardScaler, MinMaxScaler\n",
    "x = np.linspace(0,1,100);\n",
    "y = x+1;\n",
    "scaler = StandardScaler();\n",
    "x_scaled = scaler.fit_transform(x.reshape(-1,1));\n",
    "\n",
    "X_b = np.c_[np.ones((len(x_scaled), 1)), x_scaled]\n",
    "theta_ols = inv(X_b.T.dot(X_b)).dot(X_b.T).dot(y)\n",
    "theta_ols\n",
    "plt.plot(x_scaled, y)\n",
    "#print(x_scaled[0], x_scaled[-1])\n",
    "theta_ols\n",
    "\n",
    "lr = LinearRegression();\n",
    "lr.fit(X_b, y);\n",
    "print(lr.coef_, lr.intercept_)"
   ]
  },
  {
   "cell_type": "code",
   "execution_count": 5,
   "metadata": {},
   "outputs": [],
   "source": [
    "import numpy as np;\n",
    "import pandas as pd;\n",
    "import scipy;\n",
    "from scipy.linalg import inv;"
   ]
  },
  {
   "cell_type": "code",
   "execution_count": 6,
   "metadata": {},
   "outputs": [],
   "source": [
    "df = pd.read_csv(\"prostate.data\",header=0, delimiter=\"\\t\",);"
   ]
  },
  {
   "cell_type": "code",
   "execution_count": 7,
   "metadata": {},
   "outputs": [
    {
     "data": {
      "text/html": [
       "<div>\n",
       "<style scoped>\n",
       "    .dataframe tbody tr th:only-of-type {\n",
       "        vertical-align: middle;\n",
       "    }\n",
       "\n",
       "    .dataframe tbody tr th {\n",
       "        vertical-align: top;\n",
       "    }\n",
       "\n",
       "    .dataframe thead th {\n",
       "        text-align: right;\n",
       "    }\n",
       "</style>\n",
       "<table border=\"1\" class=\"dataframe\">\n",
       "  <thead>\n",
       "    <tr style=\"text-align: right;\">\n",
       "      <th></th>\n",
       "      <th>Unnamed: 0</th>\n",
       "      <th>lcavol</th>\n",
       "      <th>lweight</th>\n",
       "      <th>age</th>\n",
       "      <th>lbph</th>\n",
       "      <th>svi</th>\n",
       "      <th>lcp</th>\n",
       "      <th>gleason</th>\n",
       "      <th>pgg45</th>\n",
       "      <th>lpsa</th>\n",
       "      <th>train</th>\n",
       "    </tr>\n",
       "  </thead>\n",
       "  <tbody>\n",
       "    <tr>\n",
       "      <th>0</th>\n",
       "      <td>1</td>\n",
       "      <td>-0.579818</td>\n",
       "      <td>2.769459</td>\n",
       "      <td>50</td>\n",
       "      <td>-1.386294</td>\n",
       "      <td>0</td>\n",
       "      <td>-1.386294</td>\n",
       "      <td>6</td>\n",
       "      <td>0</td>\n",
       "      <td>-0.430783</td>\n",
       "      <td>T</td>\n",
       "    </tr>\n",
       "    <tr>\n",
       "      <th>1</th>\n",
       "      <td>2</td>\n",
       "      <td>-0.994252</td>\n",
       "      <td>3.319626</td>\n",
       "      <td>58</td>\n",
       "      <td>-1.386294</td>\n",
       "      <td>0</td>\n",
       "      <td>-1.386294</td>\n",
       "      <td>6</td>\n",
       "      <td>0</td>\n",
       "      <td>-0.162519</td>\n",
       "      <td>T</td>\n",
       "    </tr>\n",
       "    <tr>\n",
       "      <th>2</th>\n",
       "      <td>3</td>\n",
       "      <td>-0.510826</td>\n",
       "      <td>2.691243</td>\n",
       "      <td>74</td>\n",
       "      <td>-1.386294</td>\n",
       "      <td>0</td>\n",
       "      <td>-1.386294</td>\n",
       "      <td>7</td>\n",
       "      <td>20</td>\n",
       "      <td>-0.162519</td>\n",
       "      <td>T</td>\n",
       "    </tr>\n",
       "    <tr>\n",
       "      <th>3</th>\n",
       "      <td>4</td>\n",
       "      <td>-1.203973</td>\n",
       "      <td>3.282789</td>\n",
       "      <td>58</td>\n",
       "      <td>-1.386294</td>\n",
       "      <td>0</td>\n",
       "      <td>-1.386294</td>\n",
       "      <td>6</td>\n",
       "      <td>0</td>\n",
       "      <td>-0.162519</td>\n",
       "      <td>T</td>\n",
       "    </tr>\n",
       "    <tr>\n",
       "      <th>4</th>\n",
       "      <td>5</td>\n",
       "      <td>0.751416</td>\n",
       "      <td>3.432373</td>\n",
       "      <td>62</td>\n",
       "      <td>-1.386294</td>\n",
       "      <td>0</td>\n",
       "      <td>-1.386294</td>\n",
       "      <td>6</td>\n",
       "      <td>0</td>\n",
       "      <td>0.371564</td>\n",
       "      <td>T</td>\n",
       "    </tr>\n",
       "  </tbody>\n",
       "</table>\n",
       "</div>"
      ],
      "text/plain": [
       "   Unnamed: 0    lcavol   lweight  age      lbph  svi       lcp  gleason  \\\n",
       "0           1 -0.579818  2.769459   50 -1.386294    0 -1.386294        6   \n",
       "1           2 -0.994252  3.319626   58 -1.386294    0 -1.386294        6   \n",
       "2           3 -0.510826  2.691243   74 -1.386294    0 -1.386294        7   \n",
       "3           4 -1.203973  3.282789   58 -1.386294    0 -1.386294        6   \n",
       "4           5  0.751416  3.432373   62 -1.386294    0 -1.386294        6   \n",
       "\n",
       "   pgg45      lpsa train  \n",
       "0      0 -0.430783     T  \n",
       "1      0 -0.162519     T  \n",
       "2     20 -0.162519     T  \n",
       "3      0 -0.162519     T  \n",
       "4      0  0.371564     T  "
      ]
     },
     "execution_count": 7,
     "metadata": {},
     "output_type": "execute_result"
    }
   ],
   "source": [
    "df.head()"
   ]
  },
  {
   "cell_type": "code",
   "execution_count": 8,
   "metadata": {},
   "outputs": [
    {
     "data": {
      "text/html": [
       "<div>\n",
       "<style scoped>\n",
       "    .dataframe tbody tr th:only-of-type {\n",
       "        vertical-align: middle;\n",
       "    }\n",
       "\n",
       "    .dataframe tbody tr th {\n",
       "        vertical-align: top;\n",
       "    }\n",
       "\n",
       "    .dataframe thead th {\n",
       "        text-align: right;\n",
       "    }\n",
       "</style>\n",
       "<table border=\"1\" class=\"dataframe\">\n",
       "  <thead>\n",
       "    <tr style=\"text-align: right;\">\n",
       "      <th></th>\n",
       "      <th>lcavol</th>\n",
       "      <th>lweight</th>\n",
       "      <th>age</th>\n",
       "      <th>lbph</th>\n",
       "      <th>svi</th>\n",
       "      <th>lcp</th>\n",
       "      <th>gleason</th>\n",
       "      <th>pgg45</th>\n",
       "      <th>lpsa</th>\n",
       "      <th>train</th>\n",
       "    </tr>\n",
       "  </thead>\n",
       "  <tbody>\n",
       "    <tr>\n",
       "      <th>0</th>\n",
       "      <td>-0.579818</td>\n",
       "      <td>2.769459</td>\n",
       "      <td>50</td>\n",
       "      <td>-1.386294</td>\n",
       "      <td>0</td>\n",
       "      <td>-1.386294</td>\n",
       "      <td>6</td>\n",
       "      <td>0</td>\n",
       "      <td>-0.430783</td>\n",
       "      <td>T</td>\n",
       "    </tr>\n",
       "    <tr>\n",
       "      <th>1</th>\n",
       "      <td>-0.994252</td>\n",
       "      <td>3.319626</td>\n",
       "      <td>58</td>\n",
       "      <td>-1.386294</td>\n",
       "      <td>0</td>\n",
       "      <td>-1.386294</td>\n",
       "      <td>6</td>\n",
       "      <td>0</td>\n",
       "      <td>-0.162519</td>\n",
       "      <td>T</td>\n",
       "    </tr>\n",
       "    <tr>\n",
       "      <th>2</th>\n",
       "      <td>-0.510826</td>\n",
       "      <td>2.691243</td>\n",
       "      <td>74</td>\n",
       "      <td>-1.386294</td>\n",
       "      <td>0</td>\n",
       "      <td>-1.386294</td>\n",
       "      <td>7</td>\n",
       "      <td>20</td>\n",
       "      <td>-0.162519</td>\n",
       "      <td>T</td>\n",
       "    </tr>\n",
       "    <tr>\n",
       "      <th>3</th>\n",
       "      <td>-1.203973</td>\n",
       "      <td>3.282789</td>\n",
       "      <td>58</td>\n",
       "      <td>-1.386294</td>\n",
       "      <td>0</td>\n",
       "      <td>-1.386294</td>\n",
       "      <td>6</td>\n",
       "      <td>0</td>\n",
       "      <td>-0.162519</td>\n",
       "      <td>T</td>\n",
       "    </tr>\n",
       "    <tr>\n",
       "      <th>4</th>\n",
       "      <td>0.751416</td>\n",
       "      <td>3.432373</td>\n",
       "      <td>62</td>\n",
       "      <td>-1.386294</td>\n",
       "      <td>0</td>\n",
       "      <td>-1.386294</td>\n",
       "      <td>6</td>\n",
       "      <td>0</td>\n",
       "      <td>0.371564</td>\n",
       "      <td>T</td>\n",
       "    </tr>\n",
       "  </tbody>\n",
       "</table>\n",
       "</div>"
      ],
      "text/plain": [
       "     lcavol   lweight  age      lbph  svi       lcp  gleason  pgg45      lpsa  \\\n",
       "0 -0.579818  2.769459   50 -1.386294    0 -1.386294        6      0 -0.430783   \n",
       "1 -0.994252  3.319626   58 -1.386294    0 -1.386294        6      0 -0.162519   \n",
       "2 -0.510826  2.691243   74 -1.386294    0 -1.386294        7     20 -0.162519   \n",
       "3 -1.203973  3.282789   58 -1.386294    0 -1.386294        6      0 -0.162519   \n",
       "4  0.751416  3.432373   62 -1.386294    0 -1.386294        6      0  0.371564   \n",
       "\n",
       "  train  \n",
       "0     T  \n",
       "1     T  \n",
       "2     T  \n",
       "3     T  \n",
       "4     T  "
      ]
     },
     "execution_count": 8,
     "metadata": {},
     "output_type": "execute_result"
    }
   ],
   "source": [
    "#drop first column\n",
    "df.drop([df.columns[0]],inplace=True, axis='columns');\n",
    "df.head()"
   ]
  },
  {
   "cell_type": "code",
   "execution_count": 9,
   "metadata": {},
   "outputs": [
    {
     "name": "stdout",
     "output_type": "stream",
     "text": [
      "<class 'pandas.core.frame.DataFrame'>\n",
      "RangeIndex: 97 entries, 0 to 96\n",
      "Data columns (total 10 columns):\n",
      "lcavol     97 non-null float64\n",
      "lweight    97 non-null float64\n",
      "age        97 non-null int64\n",
      "lbph       97 non-null float64\n",
      "svi        97 non-null int64\n",
      "lcp        97 non-null float64\n",
      "gleason    97 non-null int64\n",
      "pgg45      97 non-null int64\n",
      "lpsa       97 non-null float64\n",
      "train      97 non-null object\n",
      "dtypes: float64(5), int64(4), object(1)\n",
      "memory usage: 7.7+ KB\n"
     ]
    }
   ],
   "source": [
    "df.info()"
   ]
  },
  {
   "cell_type": "code",
   "execution_count": 10,
   "metadata": {},
   "outputs": [
    {
     "data": {
      "text/html": [
       "<div>\n",
       "<style scoped>\n",
       "    .dataframe tbody tr th:only-of-type {\n",
       "        vertical-align: middle;\n",
       "    }\n",
       "\n",
       "    .dataframe tbody tr th {\n",
       "        vertical-align: top;\n",
       "    }\n",
       "\n",
       "    .dataframe thead th {\n",
       "        text-align: right;\n",
       "    }\n",
       "</style>\n",
       "<table border=\"1\" class=\"dataframe\">\n",
       "  <thead>\n",
       "    <tr style=\"text-align: right;\">\n",
       "      <th></th>\n",
       "      <th>lcavol</th>\n",
       "      <th>lweight</th>\n",
       "      <th>age</th>\n",
       "      <th>lbph</th>\n",
       "      <th>svi</th>\n",
       "      <th>lcp</th>\n",
       "      <th>gleason</th>\n",
       "      <th>pgg45</th>\n",
       "      <th>lpsa</th>\n",
       "    </tr>\n",
       "  </thead>\n",
       "  <tbody>\n",
       "    <tr>\n",
       "      <th>count</th>\n",
       "      <td>97.000000</td>\n",
       "      <td>97.000000</td>\n",
       "      <td>97.000000</td>\n",
       "      <td>97.000000</td>\n",
       "      <td>97.000000</td>\n",
       "      <td>97.000000</td>\n",
       "      <td>97.000000</td>\n",
       "      <td>97.000000</td>\n",
       "      <td>97.000000</td>\n",
       "    </tr>\n",
       "    <tr>\n",
       "      <th>mean</th>\n",
       "      <td>1.350010</td>\n",
       "      <td>3.628943</td>\n",
       "      <td>63.865979</td>\n",
       "      <td>0.100356</td>\n",
       "      <td>0.216495</td>\n",
       "      <td>-0.179366</td>\n",
       "      <td>6.752577</td>\n",
       "      <td>24.381443</td>\n",
       "      <td>2.478387</td>\n",
       "    </tr>\n",
       "    <tr>\n",
       "      <th>std</th>\n",
       "      <td>1.178625</td>\n",
       "      <td>0.428411</td>\n",
       "      <td>7.445117</td>\n",
       "      <td>1.450807</td>\n",
       "      <td>0.413995</td>\n",
       "      <td>1.398250</td>\n",
       "      <td>0.722134</td>\n",
       "      <td>28.204035</td>\n",
       "      <td>1.154329</td>\n",
       "    </tr>\n",
       "    <tr>\n",
       "      <th>min</th>\n",
       "      <td>-1.347074</td>\n",
       "      <td>2.374906</td>\n",
       "      <td>41.000000</td>\n",
       "      <td>-1.386294</td>\n",
       "      <td>0.000000</td>\n",
       "      <td>-1.386294</td>\n",
       "      <td>6.000000</td>\n",
       "      <td>0.000000</td>\n",
       "      <td>-0.430783</td>\n",
       "    </tr>\n",
       "    <tr>\n",
       "      <th>25%</th>\n",
       "      <td>0.512824</td>\n",
       "      <td>3.375880</td>\n",
       "      <td>60.000000</td>\n",
       "      <td>-1.386294</td>\n",
       "      <td>0.000000</td>\n",
       "      <td>-1.386294</td>\n",
       "      <td>6.000000</td>\n",
       "      <td>0.000000</td>\n",
       "      <td>1.731656</td>\n",
       "    </tr>\n",
       "    <tr>\n",
       "      <th>50%</th>\n",
       "      <td>1.446919</td>\n",
       "      <td>3.623007</td>\n",
       "      <td>65.000000</td>\n",
       "      <td>0.300105</td>\n",
       "      <td>0.000000</td>\n",
       "      <td>-0.798508</td>\n",
       "      <td>7.000000</td>\n",
       "      <td>15.000000</td>\n",
       "      <td>2.591516</td>\n",
       "    </tr>\n",
       "    <tr>\n",
       "      <th>75%</th>\n",
       "      <td>2.127041</td>\n",
       "      <td>3.876396</td>\n",
       "      <td>68.000000</td>\n",
       "      <td>1.558145</td>\n",
       "      <td>0.000000</td>\n",
       "      <td>1.178655</td>\n",
       "      <td>7.000000</td>\n",
       "      <td>40.000000</td>\n",
       "      <td>3.056357</td>\n",
       "    </tr>\n",
       "    <tr>\n",
       "      <th>max</th>\n",
       "      <td>3.821004</td>\n",
       "      <td>4.780383</td>\n",
       "      <td>79.000000</td>\n",
       "      <td>2.326302</td>\n",
       "      <td>1.000000</td>\n",
       "      <td>2.904165</td>\n",
       "      <td>9.000000</td>\n",
       "      <td>100.000000</td>\n",
       "      <td>5.582932</td>\n",
       "    </tr>\n",
       "  </tbody>\n",
       "</table>\n",
       "</div>"
      ],
      "text/plain": [
       "          lcavol    lweight        age       lbph        svi        lcp  \\\n",
       "count  97.000000  97.000000  97.000000  97.000000  97.000000  97.000000   \n",
       "mean    1.350010   3.628943  63.865979   0.100356   0.216495  -0.179366   \n",
       "std     1.178625   0.428411   7.445117   1.450807   0.413995   1.398250   \n",
       "min    -1.347074   2.374906  41.000000  -1.386294   0.000000  -1.386294   \n",
       "25%     0.512824   3.375880  60.000000  -1.386294   0.000000  -1.386294   \n",
       "50%     1.446919   3.623007  65.000000   0.300105   0.000000  -0.798508   \n",
       "75%     2.127041   3.876396  68.000000   1.558145   0.000000   1.178655   \n",
       "max     3.821004   4.780383  79.000000   2.326302   1.000000   2.904165   \n",
       "\n",
       "         gleason       pgg45       lpsa  \n",
       "count  97.000000   97.000000  97.000000  \n",
       "mean    6.752577   24.381443   2.478387  \n",
       "std     0.722134   28.204035   1.154329  \n",
       "min     6.000000    0.000000  -0.430783  \n",
       "25%     6.000000    0.000000   1.731656  \n",
       "50%     7.000000   15.000000   2.591516  \n",
       "75%     7.000000   40.000000   3.056357  \n",
       "max     9.000000  100.000000   5.582932  "
      ]
     },
     "execution_count": 10,
     "metadata": {},
     "output_type": "execute_result"
    }
   ],
   "source": [
    "df.describe()"
   ]
  },
  {
   "cell_type": "code",
   "execution_count": 11,
   "metadata": {
    "scrolled": true
   },
   "outputs": [
    {
     "name": "stdout",
     "output_type": "stream",
     "text": [
      "\\begin{tabular}{lrrrrrrrrr}\n",
      "\\toprule\n",
      "{} &  lcavol &  lweight &    age &   lbph &    svi &    lcp &  gleason &  pgg45 &   lpsa \\\\\n",
      "\\midrule\n",
      "lcavol  &   1.000 &    0.281 &  0.225 &  0.027 &  0.539 &  0.675 &    0.432 &  0.434 &  0.734 \\\\\n",
      "lweight &   0.281 &    1.000 &  0.348 &  0.442 &  0.155 &  0.165 &    0.057 &  0.107 &  0.433 \\\\\n",
      "age     &   0.225 &    0.348 &  1.000 &  0.350 &  0.118 &  0.128 &    0.269 &  0.276 &  0.170 \\\\\n",
      "lbph    &   0.027 &    0.442 &  0.350 &  1.000 & -0.086 & -0.007 &    0.078 &  0.078 &  0.180 \\\\\n",
      "svi     &   0.539 &    0.155 &  0.118 & -0.086 &  1.000 &  0.673 &    0.320 &  0.458 &  0.566 \\\\\n",
      "lcp     &   0.675 &    0.165 &  0.128 & -0.007 &  0.673 &  1.000 &    0.515 &  0.632 &  0.549 \\\\\n",
      "gleason &   0.432 &    0.057 &  0.269 &  0.078 &  0.320 &  0.515 &    1.000 &  0.752 &  0.369 \\\\\n",
      "pgg45   &   0.434 &    0.107 &  0.276 &  0.078 &  0.458 &  0.632 &    0.752 &  1.000 &  0.422 \\\\\n",
      "lpsa    &   0.734 &    0.433 &  0.170 &  0.180 &  0.566 &  0.549 &    0.369 &  0.422 &  1.000 \\\\\n",
      "\\bottomrule\n",
      "\\end{tabular}\n",
      "\n"
     ]
    }
   ],
   "source": [
    "print(df.corr().round(3).to_latex())"
   ]
  },
  {
   "cell_type": "markdown",
   "metadata": {},
   "source": [
    "# Data are highly correlated"
   ]
  },
  {
   "cell_type": "code",
   "execution_count": 12,
   "metadata": {},
   "outputs": [
    {
     "data": {
      "text/html": [
       "<div>\n",
       "<style scoped>\n",
       "    .dataframe tbody tr th:only-of-type {\n",
       "        vertical-align: middle;\n",
       "    }\n",
       "\n",
       "    .dataframe tbody tr th {\n",
       "        vertical-align: top;\n",
       "    }\n",
       "\n",
       "    .dataframe thead th {\n",
       "        text-align: right;\n",
       "    }\n",
       "</style>\n",
       "<table border=\"1\" class=\"dataframe\">\n",
       "  <thead>\n",
       "    <tr style=\"text-align: right;\">\n",
       "      <th></th>\n",
       "      <th>lcavol</th>\n",
       "      <th>lweight</th>\n",
       "      <th>age</th>\n",
       "      <th>lbph</th>\n",
       "      <th>svi</th>\n",
       "      <th>lcp</th>\n",
       "      <th>gleason</th>\n",
       "      <th>pgg45</th>\n",
       "    </tr>\n",
       "  </thead>\n",
       "  <tbody>\n",
       "    <tr>\n",
       "      <th>lcavol</th>\n",
       "      <td>1.000000</td>\n",
       "      <td>0.280521</td>\n",
       "      <td>0.225000</td>\n",
       "      <td>0.027350</td>\n",
       "      <td>0.538845</td>\n",
       "      <td>0.675310</td>\n",
       "      <td>0.432417</td>\n",
       "      <td>0.433652</td>\n",
       "    </tr>\n",
       "    <tr>\n",
       "      <th>lweight</th>\n",
       "      <td>0.280521</td>\n",
       "      <td>1.000000</td>\n",
       "      <td>0.347969</td>\n",
       "      <td>0.442264</td>\n",
       "      <td>0.155385</td>\n",
       "      <td>0.164537</td>\n",
       "      <td>0.056882</td>\n",
       "      <td>0.107354</td>\n",
       "    </tr>\n",
       "    <tr>\n",
       "      <th>age</th>\n",
       "      <td>0.225000</td>\n",
       "      <td>0.347969</td>\n",
       "      <td>1.000000</td>\n",
       "      <td>0.350186</td>\n",
       "      <td>0.117658</td>\n",
       "      <td>0.127668</td>\n",
       "      <td>0.268892</td>\n",
       "      <td>0.276112</td>\n",
       "    </tr>\n",
       "    <tr>\n",
       "      <th>lbph</th>\n",
       "      <td>0.027350</td>\n",
       "      <td>0.442264</td>\n",
       "      <td>0.350186</td>\n",
       "      <td>1.000000</td>\n",
       "      <td>-0.085843</td>\n",
       "      <td>-0.006999</td>\n",
       "      <td>0.077820</td>\n",
       "      <td>0.078460</td>\n",
       "    </tr>\n",
       "    <tr>\n",
       "      <th>svi</th>\n",
       "      <td>0.538845</td>\n",
       "      <td>0.155385</td>\n",
       "      <td>0.117658</td>\n",
       "      <td>-0.085843</td>\n",
       "      <td>1.000000</td>\n",
       "      <td>0.673111</td>\n",
       "      <td>0.320412</td>\n",
       "      <td>0.457648</td>\n",
       "    </tr>\n",
       "    <tr>\n",
       "      <th>lcp</th>\n",
       "      <td>0.675310</td>\n",
       "      <td>0.164537</td>\n",
       "      <td>0.127668</td>\n",
       "      <td>-0.006999</td>\n",
       "      <td>0.673111</td>\n",
       "      <td>1.000000</td>\n",
       "      <td>0.514830</td>\n",
       "      <td>0.631528</td>\n",
       "    </tr>\n",
       "    <tr>\n",
       "      <th>gleason</th>\n",
       "      <td>0.432417</td>\n",
       "      <td>0.056882</td>\n",
       "      <td>0.268892</td>\n",
       "      <td>0.077820</td>\n",
       "      <td>0.320412</td>\n",
       "      <td>0.514830</td>\n",
       "      <td>1.000000</td>\n",
       "      <td>0.751905</td>\n",
       "    </tr>\n",
       "    <tr>\n",
       "      <th>pgg45</th>\n",
       "      <td>0.433652</td>\n",
       "      <td>0.107354</td>\n",
       "      <td>0.276112</td>\n",
       "      <td>0.078460</td>\n",
       "      <td>0.457648</td>\n",
       "      <td>0.631528</td>\n",
       "      <td>0.751905</td>\n",
       "      <td>1.000000</td>\n",
       "    </tr>\n",
       "  </tbody>\n",
       "</table>\n",
       "</div>"
      ],
      "text/plain": [
       "           lcavol   lweight       age      lbph       svi       lcp   gleason  \\\n",
       "lcavol   1.000000  0.280521  0.225000  0.027350  0.538845  0.675310  0.432417   \n",
       "lweight  0.280521  1.000000  0.347969  0.442264  0.155385  0.164537  0.056882   \n",
       "age      0.225000  0.347969  1.000000  0.350186  0.117658  0.127668  0.268892   \n",
       "lbph     0.027350  0.442264  0.350186  1.000000 -0.085843 -0.006999  0.077820   \n",
       "svi      0.538845  0.155385  0.117658 -0.085843  1.000000  0.673111  0.320412   \n",
       "lcp      0.675310  0.164537  0.127668 -0.006999  0.673111  1.000000  0.514830   \n",
       "gleason  0.432417  0.056882  0.268892  0.077820  0.320412  0.514830  1.000000   \n",
       "pgg45    0.433652  0.107354  0.276112  0.078460  0.457648  0.631528  0.751905   \n",
       "\n",
       "            pgg45  \n",
       "lcavol   0.433652  \n",
       "lweight  0.107354  \n",
       "age      0.276112  \n",
       "lbph     0.078460  \n",
       "svi      0.457648  \n",
       "lcp      0.631528  \n",
       "gleason  0.751905  \n",
       "pgg45    1.000000  "
      ]
     },
     "execution_count": 12,
     "metadata": {},
     "output_type": "execute_result"
    }
   ],
   "source": [
    "y = df['lpsa'];\n",
    "X = df.drop(['lpsa'],axis=1);\n",
    "X.corr()"
   ]
  },
  {
   "cell_type": "markdown",
   "metadata": {},
   "source": [
    "### Scaled data correlation"
   ]
  },
  {
   "cell_type": "code",
   "execution_count": 13,
   "metadata": {},
   "outputs": [
    {
     "data": {
      "text/html": [
       "<div>\n",
       "<style scoped>\n",
       "    .dataframe tbody tr th:only-of-type {\n",
       "        vertical-align: middle;\n",
       "    }\n",
       "\n",
       "    .dataframe tbody tr th {\n",
       "        vertical-align: top;\n",
       "    }\n",
       "\n",
       "    .dataframe thead th {\n",
       "        text-align: right;\n",
       "    }\n",
       "</style>\n",
       "<table border=\"1\" class=\"dataframe\">\n",
       "  <thead>\n",
       "    <tr style=\"text-align: right;\">\n",
       "      <th></th>\n",
       "      <th>lcavol</th>\n",
       "      <th>lweight</th>\n",
       "      <th>age</th>\n",
       "      <th>lbph</th>\n",
       "      <th>svi</th>\n",
       "      <th>lcp</th>\n",
       "      <th>gleason</th>\n",
       "      <th>pgg45</th>\n",
       "      <th>lpsa</th>\n",
       "    </tr>\n",
       "  </thead>\n",
       "  <tbody>\n",
       "    <tr>\n",
       "      <th>lcavol</th>\n",
       "      <td>1.000000</td>\n",
       "      <td>0.300232</td>\n",
       "      <td>0.286324</td>\n",
       "      <td>0.063168</td>\n",
       "      <td>0.592949</td>\n",
       "      <td>0.692043</td>\n",
       "      <td>0.426414</td>\n",
       "      <td>0.483161</td>\n",
       "      <td>0.727280</td>\n",
       "    </tr>\n",
       "    <tr>\n",
       "      <th>lweight</th>\n",
       "      <td>0.300232</td>\n",
       "      <td>1.000000</td>\n",
       "      <td>0.316723</td>\n",
       "      <td>0.437042</td>\n",
       "      <td>0.181054</td>\n",
       "      <td>0.156829</td>\n",
       "      <td>0.023558</td>\n",
       "      <td>0.074166</td>\n",
       "      <td>0.598021</td>\n",
       "    </tr>\n",
       "    <tr>\n",
       "      <th>age</th>\n",
       "      <td>0.286324</td>\n",
       "      <td>0.316723</td>\n",
       "      <td>1.000000</td>\n",
       "      <td>0.287346</td>\n",
       "      <td>0.128902</td>\n",
       "      <td>0.172951</td>\n",
       "      <td>0.365915</td>\n",
       "      <td>0.275806</td>\n",
       "      <td>0.345414</td>\n",
       "    </tr>\n",
       "    <tr>\n",
       "      <th>lbph</th>\n",
       "      <td>0.063168</td>\n",
       "      <td>0.437042</td>\n",
       "      <td>0.287346</td>\n",
       "      <td>1.000000</td>\n",
       "      <td>-0.139147</td>\n",
       "      <td>-0.088535</td>\n",
       "      <td>0.032992</td>\n",
       "      <td>-0.030404</td>\n",
       "      <td>0.396349</td>\n",
       "    </tr>\n",
       "    <tr>\n",
       "      <th>svi</th>\n",
       "      <td>0.592949</td>\n",
       "      <td>0.181054</td>\n",
       "      <td>0.128902</td>\n",
       "      <td>-0.139147</td>\n",
       "      <td>1.000000</td>\n",
       "      <td>0.671240</td>\n",
       "      <td>0.306875</td>\n",
       "      <td>0.481358</td>\n",
       "      <td>0.451672</td>\n",
       "    </tr>\n",
       "    <tr>\n",
       "      <th>lcp</th>\n",
       "      <td>0.692043</td>\n",
       "      <td>0.156829</td>\n",
       "      <td>0.172951</td>\n",
       "      <td>-0.088535</td>\n",
       "      <td>0.671240</td>\n",
       "      <td>1.000000</td>\n",
       "      <td>0.476437</td>\n",
       "      <td>0.662533</td>\n",
       "      <td>0.434572</td>\n",
       "    </tr>\n",
       "    <tr>\n",
       "      <th>gleason</th>\n",
       "      <td>0.426414</td>\n",
       "      <td>0.023558</td>\n",
       "      <td>0.365915</td>\n",
       "      <td>0.032992</td>\n",
       "      <td>0.306875</td>\n",
       "      <td>0.476437</td>\n",
       "      <td>1.000000</td>\n",
       "      <td>0.757056</td>\n",
       "      <td>0.331608</td>\n",
       "    </tr>\n",
       "    <tr>\n",
       "      <th>pgg45</th>\n",
       "      <td>0.483161</td>\n",
       "      <td>0.074166</td>\n",
       "      <td>0.275806</td>\n",
       "      <td>-0.030404</td>\n",
       "      <td>0.481358</td>\n",
       "      <td>0.662533</td>\n",
       "      <td>0.757056</td>\n",
       "      <td>1.000000</td>\n",
       "      <td>0.368055</td>\n",
       "    </tr>\n",
       "    <tr>\n",
       "      <th>lpsa</th>\n",
       "      <td>0.727280</td>\n",
       "      <td>0.598021</td>\n",
       "      <td>0.345414</td>\n",
       "      <td>0.396349</td>\n",
       "      <td>0.451672</td>\n",
       "      <td>0.434572</td>\n",
       "      <td>0.331608</td>\n",
       "      <td>0.368055</td>\n",
       "      <td>1.000000</td>\n",
       "    </tr>\n",
       "  </tbody>\n",
       "</table>\n",
       "</div>"
      ],
      "text/plain": [
       "           lcavol   lweight       age      lbph       svi       lcp   gleason  \\\n",
       "lcavol   1.000000  0.300232  0.286324  0.063168  0.592949  0.692043  0.426414   \n",
       "lweight  0.300232  1.000000  0.316723  0.437042  0.181054  0.156829  0.023558   \n",
       "age      0.286324  0.316723  1.000000  0.287346  0.128902  0.172951  0.365915   \n",
       "lbph     0.063168  0.437042  0.287346  1.000000 -0.139147 -0.088535  0.032992   \n",
       "svi      0.592949  0.181054  0.128902 -0.139147  1.000000  0.671240  0.306875   \n",
       "lcp      0.692043  0.156829  0.172951 -0.088535  0.671240  1.000000  0.476437   \n",
       "gleason  0.426414  0.023558  0.365915  0.032992  0.306875  0.476437  1.000000   \n",
       "pgg45    0.483161  0.074166  0.275806 -0.030404  0.481358  0.662533  0.757056   \n",
       "lpsa     0.727280  0.598021  0.345414  0.396349  0.451672  0.434572  0.331608   \n",
       "\n",
       "            pgg45      lpsa  \n",
       "lcavol   0.483161  0.727280  \n",
       "lweight  0.074166  0.598021  \n",
       "age      0.275806  0.345414  \n",
       "lbph    -0.030404  0.396349  \n",
       "svi      0.481358  0.451672  \n",
       "lcp      0.662533  0.434572  \n",
       "gleason  0.757056  0.331608  \n",
       "pgg45    1.000000  0.368055  \n",
       "lpsa     0.368055  1.000000  "
      ]
     },
     "execution_count": 13,
     "metadata": {},
     "output_type": "execute_result"
    }
   ],
   "source": [
    "from sklearn.preprocessing import StandardScaler\n",
    "from sklearn import preprocessing as pp\n",
    "from sklearn.pipeline import Pipeline\n",
    "std_scaler = StandardScaler();\n",
    "X_train = X[X['train']==\"T\"];\n",
    "y_train = y[X['train']==\"T\"];\n",
    "X_test = X[X['train']==\"F\"];\n",
    "y_test = y[X['train']==\"F\"];\n",
    "X_train = X_train.drop('train',axis=1)\n",
    "#X_scaled = pp.scale(X_train.astype('float')); # this works as the below one\n",
    "X_scaled = std_scaler.fit_transform(X_train.astype('float'));\n",
    "#put together scaled data and output to see the correlation\n",
    "df_scaled = pd.concat([pd.DataFrame(X_scaled), y_train], axis=1, );\n",
    "#-1 because df has still 'train' col\n",
    "df_scaled.columns = df.columns[:-1];\n",
    "df_scaled.corr()"
   ]
  },
  {
   "cell_type": "code",
   "execution_count": 14,
   "metadata": {},
   "outputs": [
    {
     "name": "stdout",
     "output_type": "stream",
     "text": [
      "\\begin{tabular}{lrrrrrrrrr}\n",
      "\\toprule\n",
      "{} &  lcavol &  lweight &    age &   lbph &    svi &    lcp &  gleason &  pgg45 &   lpsa \\\\\n",
      "\\midrule\n",
      "lcavol  &   1.000 &    0.300 &  0.286 &  0.063 &  0.593 &  0.692 &    0.426 &  0.483 &  0.727 \\\\\n",
      "lweight &   0.300 &    1.000 &  0.317 &  0.437 &  0.181 &  0.157 &    0.024 &  0.074 &  0.598 \\\\\n",
      "age     &   0.286 &    0.317 &  1.000 &  0.287 &  0.129 &  0.173 &    0.366 &  0.276 &  0.345 \\\\\n",
      "lbph    &   0.063 &    0.437 &  0.287 &  1.000 & -0.139 & -0.089 &    0.033 & -0.030 &  0.396 \\\\\n",
      "svi     &   0.593 &    0.181 &  0.129 & -0.139 &  1.000 &  0.671 &    0.307 &  0.481 &  0.452 \\\\\n",
      "lcp     &   0.692 &    0.157 &  0.173 & -0.089 &  0.671 &  1.000 &    0.476 &  0.663 &  0.435 \\\\\n",
      "gleason &   0.426 &    0.024 &  0.366 &  0.033 &  0.307 &  0.476 &    1.000 &  0.757 &  0.332 \\\\\n",
      "pgg45   &   0.483 &    0.074 &  0.276 & -0.030 &  0.481 &  0.663 &    0.757 &  1.000 &  0.368 \\\\\n",
      "lpsa    &   0.727 &    0.598 &  0.345 &  0.396 &  0.452 &  0.435 &    0.332 &  0.368 &  1.000 \\\\\n",
      "\\bottomrule\n",
      "\\end{tabular}\n",
      "\n"
     ]
    }
   ],
   "source": [
    "print(df_scaled.corr().round(3).to_latex())"
   ]
  },
  {
   "cell_type": "code",
   "execution_count": 15,
   "metadata": {},
   "outputs": [],
   "source": [
    "from sklearn.preprocessing import StandardScaler\n",
    "from sklearn import preprocessing as pp\n",
    "from sklearn.pipeline import Pipeline\n",
    "std_scaler = StandardScaler();\n",
    "X_train = X[X['train']==\"T\"];\n",
    "y_train = y[X['train']==\"T\"];\n",
    "X_test = X[X['train'] ==\"F\"];\n",
    "y_test = y[X['train'] ==\"F\"];\n"
   ]
  },
  {
   "cell_type": "code",
   "execution_count": 16,
   "metadata": {},
   "outputs": [
    {
     "name": "stdout",
     "output_type": "stream",
     "text": [
      "[ 4.30832816e-17 -4.97114787e-18 -8.34324318e-16  6.62819716e-18\n",
      "  3.97691830e-17 -4.30832816e-17  4.92143639e-16 -3.31409858e-17]\n",
      "[1. 1. 1. 1. 1. 1. 1. 1.]\n"
     ]
    },
    {
     "name": "stderr",
     "output_type": "stream",
     "text": [
      "/Users/fra/anaconda3/lib/python3.7/site-packages/pandas/core/frame.py:3940: SettingWithCopyWarning: \n",
      "A value is trying to be set on a copy of a slice from a DataFrame\n",
      "\n",
      "See the caveats in the documentation: http://pandas.pydata.org/pandas-docs/stable/indexing.html#indexing-view-versus-copy\n",
      "  errors=errors)\n"
     ]
    }
   ],
   "source": [
    "#X_train = X;\n",
    "#y_train = y;\n",
    "X_train.drop(['train'], axis=1, inplace=True)\n",
    "#del X, y\n",
    "#### We assume data have been already shuffled.\n",
    "#X_train.head()\n",
    "X_scaled = pp.scale(X_train.astype('float'));\n",
    "print(X_scaled.mean(axis=0))\n",
    "print(X_scaled.std(axis=0))"
   ]
  },
  {
   "cell_type": "code",
   "execution_count": 17,
   "metadata": {},
   "outputs": [
    {
     "name": "stdout",
     "output_type": "stream",
     "text": [
      "          lcavol    lweight        age       lbph        svi        lcp  \\\n",
      "count  67.000000  67.000000  67.000000  67.000000  67.000000  67.000000   \n",
      "mean    1.313492   3.626108  64.746269   0.071440   0.223881  -0.214203   \n",
      "std     1.242590   0.476601   7.502208   1.463655   0.419989   1.400735   \n",
      "min    -1.347074   2.374906  41.000000  -1.386294   0.000000  -1.386294   \n",
      "25%     0.488279   3.330360  61.000000  -1.386294   0.000000  -1.386294   \n",
      "50%     1.467874   3.598681  65.000000  -0.051293   0.000000  -0.798508   \n",
      "75%     2.349065   3.883610  69.000000   1.547506   0.000000   0.994793   \n",
      "max     3.821004   4.780383  79.000000   2.326302   1.000000   2.656757   \n",
      "\n",
      "         gleason       pgg45  \n",
      "count  67.000000   67.000000  \n",
      "mean    6.731343   26.268657  \n",
      "std     0.708864   29.301764  \n",
      "min     6.000000    0.000000  \n",
      "25%     6.000000    0.000000  \n",
      "50%     7.000000   15.000000  \n",
      "75%     7.000000   50.000000  \n",
      "max     9.000000  100.000000  \n",
      "                  0             1             2             3             4  \\\n",
      "count  6.700000e+01  6.700000e+01  6.700000e+01  6.700000e+01  6.700000e+01   \n",
      "mean   9.610886e-17 -7.125312e-17 -8.078115e-16  2.651279e-17 -2.121023e-16   \n",
      "std    1.007547e+00  1.007547e+00  1.007547e+00  1.007547e+00  1.007547e+00   \n",
      "min   -2.157304e+00 -2.645075e+00 -3.189126e+00 -1.003472e+00 -5.370862e-01   \n",
      "25%   -6.691190e-01 -6.252199e-01 -5.031242e-01 -1.003472e+00 -5.370862e-01   \n",
      "50%    1.251804e-01 -5.798078e-02  3.407614e-02 -8.448679e-02 -5.370862e-01   \n",
      "75%    8.396889e-01  5.443671e-01  5.712765e-01  1.016091e+00 -5.370862e-01   \n",
      "max    2.033202e+00  2.440170e+00  1.914277e+00  1.552196e+00  1.861899e+00   \n",
      "\n",
      "                  5             6             7  \n",
      "count  6.700000e+01  6.700000e+01  6.700000e+01  \n",
      "mean   1.955318e-16  6.114512e-16  5.965377e-17  \n",
      "std    1.007547e+00  1.007547e+00  1.007547e+00  \n",
      "min   -8.430840e-01 -1.039499e+00 -9.032532e-01  \n",
      "25%   -8.430840e-01 -1.039499e+00 -9.032532e-01  \n",
      "50%   -4.202897e-01  3.818568e-01 -3.874751e-01  \n",
      "75%    8.696292e-01  3.818568e-01  8.160072e-01  \n",
      "max    2.065078e+00  3.224568e+00  2.535268e+00  \n",
      "<class 'pandas.core.frame.DataFrame'>\n",
      "Int64Index: 67 entries, 0 to 95\n",
      "Data columns (total 8 columns):\n",
      "lcavol     67 non-null float64\n",
      "lweight    67 non-null float64\n",
      "age        67 non-null int64\n",
      "lbph       67 non-null float64\n",
      "svi        67 non-null int64\n",
      "lcp        67 non-null float64\n",
      "gleason    67 non-null int64\n",
      "pgg45      67 non-null int64\n",
      "dtypes: float64(4), int64(4)\n",
      "memory usage: 4.7 KB\n"
     ]
    }
   ],
   "source": [
    "print(X_train.describe());\n",
    "print(pd.DataFrame(X_scaled).describe());\n",
    "X_train.info()"
   ]
  },
  {
   "cell_type": "code",
   "execution_count": 18,
   "metadata": {},
   "outputs": [
    {
     "name": "stdout",
     "output_type": "stream",
     "text": [
      "[ 4.30832816e-17 -4.97114787e-18 -8.34324318e-16  6.62819716e-18\n",
      "  3.97691830e-17 -4.30832816e-17  4.92143639e-16 -3.31409858e-17]\n",
      "[1. 1. 1. 1. 1. 1. 1. 1.]\n"
     ]
    }
   ],
   "source": [
    "X_scaled = std_scaler.fit_transform(X_train.astype(float));\n",
    "print(np.mean(X_scaled, axis=0));\n",
    "print(np.std(X_scaled, axis=0));"
   ]
  },
  {
   "cell_type": "code",
   "execution_count": 19,
   "metadata": {},
   "outputs": [
    {
     "data": {
      "text/html": [
       "<div>\n",
       "<style scoped>\n",
       "    .dataframe tbody tr th:only-of-type {\n",
       "        vertical-align: middle;\n",
       "    }\n",
       "\n",
       "    .dataframe tbody tr th {\n",
       "        vertical-align: top;\n",
       "    }\n",
       "\n",
       "    .dataframe thead th {\n",
       "        text-align: right;\n",
       "    }\n",
       "</style>\n",
       "<table border=\"1\" class=\"dataframe\">\n",
       "  <thead>\n",
       "    <tr style=\"text-align: right;\">\n",
       "      <th></th>\n",
       "      <th>lcavol</th>\n",
       "      <th>lweight</th>\n",
       "      <th>age</th>\n",
       "      <th>lbph</th>\n",
       "      <th>svi</th>\n",
       "      <th>lcp</th>\n",
       "      <th>gleason</th>\n",
       "      <th>pgg45</th>\n",
       "    </tr>\n",
       "  </thead>\n",
       "  <tbody>\n",
       "    <tr>\n",
       "      <th>lcavol</th>\n",
       "      <td>1.000000</td>\n",
       "      <td>0.300232</td>\n",
       "      <td>0.286324</td>\n",
       "      <td>0.063168</td>\n",
       "      <td>0.592949</td>\n",
       "      <td>0.692043</td>\n",
       "      <td>0.426414</td>\n",
       "      <td>0.483161</td>\n",
       "    </tr>\n",
       "    <tr>\n",
       "      <th>lweight</th>\n",
       "      <td>0.300232</td>\n",
       "      <td>1.000000</td>\n",
       "      <td>0.316723</td>\n",
       "      <td>0.437042</td>\n",
       "      <td>0.181054</td>\n",
       "      <td>0.156829</td>\n",
       "      <td>0.023558</td>\n",
       "      <td>0.074166</td>\n",
       "    </tr>\n",
       "    <tr>\n",
       "      <th>age</th>\n",
       "      <td>0.286324</td>\n",
       "      <td>0.316723</td>\n",
       "      <td>1.000000</td>\n",
       "      <td>0.287346</td>\n",
       "      <td>0.128902</td>\n",
       "      <td>0.172951</td>\n",
       "      <td>0.365915</td>\n",
       "      <td>0.275806</td>\n",
       "    </tr>\n",
       "    <tr>\n",
       "      <th>lbph</th>\n",
       "      <td>0.063168</td>\n",
       "      <td>0.437042</td>\n",
       "      <td>0.287346</td>\n",
